Date,S.N.,Contract ID,Symbol,Buyer Broker,Seller Broker,quantity,rate,amount,transaction_time
2025-07-09,61031,2025070903000222,MNBBL,Sweta Securities Private Limited,Naasa Securities Co. Ltd.,10,380.0,3800.0,2025-07-09 11:10:53.376343
2025-07-09,60912,2025070903000233,MNBBL,Creative Securities Pvt Ltd,Malla & Malla Stock Broking Company Pvt. Limited,100,379.0,37900.0,2025-07-09 11:11:47.573707
2025-07-09,60875,2025070903000237,MNBBL,Nepal Stock House (PVT) Ltd.,Naasa Securities Co. Ltd.,100,380.0,38000.0,2025-07-09 11:12:01.727085
2025-07-09,60610,2025070903000258,MNBBL,Creative Securities Pvt Ltd,Naasa Securities Co. Ltd.,41,379.0,15539.0,2025-07-09 11:13:19.612097
2025-07-09,60263,2025070903000302,MNBBL,Creative Securities Pvt Ltd,Stoxkarts Securities Limited,100,379.0,37900.0,2025-07-09 11:15:18.446007
2025-07-09,58314,2025070903000531,MNBBL,Premier Securities Company Ltd.,Capital Hub P. Ltd,25,380.8,9520.0,2025-07-09 11:25:37.857198
2025-07-09,58251,2025070903000547,MNBBL,Premier Securities Company Ltd.,Capital Hub P. Ltd,25,380.9,9522.5,2025-07-09 11:25:59.983261
2025-07-09,57968,2025070903000569,MNBBL,Sani Securities Company Ltd.,Aryatara Investment & Securities,13,380.0,4940.0,2025-07-09 11:27:13.872473
2025-07-09,57685,2025070903000598,MNBBL,Sani Securities Company Ltd.,Sundhara Securities Limited,57,380.0,21660.0,2025-07-09 11:28:32.772513
2025-07-09,57630,2025070903000602,MNBBL,Agrawal Securities (PVT) Ltd.,Aryatara Investment & Securities,100,380.0,38000.0,2025-07-09 11:28:50.625809
2025-07-09,56707,2025070903000670,MNBBL,Nepal Stock House (PVT) Ltd.,ABC Securities Private Limited,10,380.0,3800.0,2025-07-09 11:32:02.017667
2025-07-09,55762,2025070903000758,MNBBL,Vision Securities Pvt. Ltd,Trishakti Securities Public Limited,100,380.5,38050.0,2025-07-09 11:35:42.878936
2025-07-09,55702,2025070903000768,MNBBL,Deevyaa Securities & Stock House Pvt. Ltd,Cristal Kanchanjanga Securites Pvt. Ltd.,10,380.8,3808.0,2025-07-09 11:36:02.862321
2025-07-09,55701,2025070903000769,MNBBL,Deevyaa Securities & Stock House Pvt. Ltd,Imperial Securities Company Pvt. Ltd.,13,380.9,4951.7,2025-07-09 11:36:02.862539
2025-07-09,55700,2025070903000770,MNBBL,Deevyaa Securities & Stock House Pvt. Ltd,Cristal Kanchanjanga Securites Pvt. Ltd.,100,381.9,38190.0,2025-07-09 11:36:02.862676
2025-07-09,55699,2025070903000771,MNBBL,Deevyaa Securities & Stock House Pvt. Ltd,Malla & Malla Stock Broking Company Pvt. Limited,500,382.0,191000.0,2025-07-09 11:36:02.862807
2025-07-09,55638,2025070903000779,MNBBL,Deevyaa Securities & Stock House Pvt. Ltd,Cristal Kanchanjanga Securites Pvt. Ltd.,100,382.9,38290.0,2025-07-09 11:36:14.910176
2025-07-09,55637,2025070903000780,MNBBL,Deevyaa Securities & Stock House Pvt. Ltd,Naasa Securities Co. Ltd.,10,383.0,3830.0,2025-07-09 11:36:14.910383
2025-07-09,55636,2025070903000781,MNBBL,Deevyaa Securities & Stock House Pvt. Ltd,Cristal Kanchanjanga Securites Pvt. Ltd.,100,384.9,38490.0,2025-07-09 11:36:14.910530
2025-07-09,55428,2025070903000802,MNBBL,Deevyaa Securities & Stock House Pvt. Ltd,Trishakti Securities Public Limited,100,384.9,38490.0,2025-07-09 11:36:57.286130
2025-07-09,53932,2025070903001002,MNBBL,Naasa Securities Co. Ltd.,Cristal Kanchanjanga Securites Pvt. Ltd.,100,384.7,38470.0,2025-07-09 11:43:05.201377
2025-07-09,53931,2025070903001003,MNBBL,Naasa Securities Co. Ltd.,Vision Securities Pvt. Ltd,100,384.8,38480.0,2025-07-09 11:43:05.201526
2025-07-09,53930,2025070903001004,MNBBL,Naasa Securities Co. Ltd.,Bhrikuti Stock Broking Co. Pvt. Ltd.,100,384.9,38490.0,2025-07-09 11:43:05.201592
2025-07-09,53929,2025070903001005,MNBBL,Naasa Securities Co. Ltd.,Cristal Kanchanjanga Securites Pvt. Ltd.,199,385.0,76615.0,2025-07-09 11:43:05.201638
2025-07-09,53928,2025070903001006,MNBBL,Naasa Securities Co. Ltd.,Pragyan Securities (PVT) Ltd.,250,385.0,96250.0,2025-07-09 11:43:05.201684
2025-07-09,53927,2025070903001007,MNBBL,Naasa Securities Co. Ltd.,Premier Securities Company Ltd.,51,385.0,19635.0,2025-07-09 11:43:05.201727
2025-07-09,53881,2025070903001013,MNBBL,Naasa Securities Co. Ltd.,Premier Securities Company Ltd.,370,385.0,142450.0,2025-07-09 11:43:21.324539
2025-07-09,53828,2025070903001022,MNBBL,Naasa Securities Co. Ltd.,Trisul Securities & Invt. Ltd.,50,385.0,19250.0,2025-07-09 11:43:35.424198
2025-07-09,53545,2025070903001061,MNBBL,Sweta Securities Private Limited,Premier Securities Company Ltd.,10,385.0,3850.0,2025-07-09 11:44:59.780720
2025-07-09,53176,2025070903001096,MNBBL,Naasa Securities Co. Ltd.,Siprabi Securities Pvt. Ltd.,100,385.0,38500.0,2025-07-09 11:46:38.811076
2025-07-09,52666,2025070903001157,MNBBL,Sweta Securities Private Limited,Imperial Securities Company Pvt. Ltd.,135,385.4,52029.0,2025-07-09 11:48:29.965514
2025-07-09,52665,2025070903001158,MNBBL,Sweta Securities Private Limited,Online Securities Pvt. Ltd.,865,385.5,333457.5,2025-07-09 11:48:29.965648
2025-07-09,52157,2025070903001232,MNBBL,Naasa Securities Co. Ltd.,South Asian Bulls Pvt. Ltd.,50,384.9,19245.0,2025-07-09 11:50:26.585306
2025-07-09,51966,2025070903001251,MNBBL,Naasa Securities Co. Ltd.,Dipshikha Dhitopatra Karobar Co. Pvt Ltd.,100,385.4,38540.0,2025-07-09 11:51:07.925202
2025-07-09,51837,2025070903001263,MNBBL,Imperial Securities Company Pvt. Ltd.,Online Securities Pvt. Ltd.,135,385.5,52042.5,2025-07-09 11:51:34.807507
2025-07-09,51836,2025070903001264,MNBBL,Imperial Securities Company Pvt. Ltd.,Asian Securities Private Ltd.,1000,385.5,385500.0,2025-07-09 11:51:34.807685
2025-07-09,51056,2025070903001415,MNBBL,Sweta Securities Private Limited,Kohinoor Investment & Securities Pvt. Ltd.,1000,383.0,383000.0,2025-07-09 11:55:00.453474
2025-07-09,50716,2025070903001460,MNBBL,Vision Securities Pvt. Ltd,Asian Securities Private Ltd.,200,383.1,76620.0,2025-07-09 11:56:26.270555
2025-07-09,50661,2025070903001467,MNBBL,Vision Securities Pvt. Ltd,Premier Securities Company Ltd.,190,383.1,72789.0,2025-07-09 11:56:41.917349
2025-07-09,49230,2025070903001683,MNBBL,Thrive Brokerage House Pvt. Ltd,Trishakti Securities Public Limited,220,384.9,84678.0,2025-07-09 12:01:44.244261
2025-07-09,48703,2025070903001790,MNBBL,Sweta Securities Private Limited,Shree Krishna Securities Ltd.,1000,384.0,384000.0,2025-07-09 12:03:45.707973
2025-07-09,48429,2025070903001849,MNBBL,Naasa Securities Co. Ltd.,Shree Krishna Securities Ltd.,200,383.4,76680.0,2025-07-09 12:04:53.445883
2025-07-09,48428,2025070903001850,MNBBL,Asian Securities Private Ltd.,Shree Krishna Securities Ltd.,510,383.3,195483.0,2025-07-09 12:04:53.446234
2025-07-09,48427,2025070903001851,MNBBL,Vision Securities Pvt. Ltd,Shree Krishna Securities Ltd.,110,383.3,42163.0,2025-07-09 12:04:53.446432
2025-07-09,48426,2025070903001852,MNBBL,Naasa Securities Co. Ltd.,Shree Krishna Securities Ltd.,180,383.2,68976.0,2025-07-09 12:04:53.446642
2025-07-09,48341,2025070903001863,MNBBL,Naasa Securities Co. Ltd.,Shree Krishna Securities Ltd.,20,383.2,7664.0,2025-07-09 12:05:15.510464
2025-07-09,48340,2025070903001864,MNBBL,Naasa Securities Co. Ltd.,Shree Krishna Securities Ltd.,91,383.1,34862.1,2025-07-09 12:05:15.510617
2025-07-09,48046,2025070903001921,MNBBL,Naasa Securities Co. Ltd.,Trishakti Securities Public Limited,30,383.1,11493.0,2025-07-09 12:06:25.366307
2025-07-09,47858,2025070903001957,MNBBL,Naasa Securities Co. Ltd.,Premier Securities Company Ltd.,79,383.1,30264.9,2025-07-09 12:07:12.475953
2025-07-09,47857,2025070903001958,MNBBL,Sanima Securities Limited,Premier Securities Company Ltd.,211,383.1,80834.1,2025-07-09 12:07:12.476134
2025-07-09,47746,2025070903001984,MNBBL,Sanima Securities Limited,Premier Securities Company Ltd.,10,383.1,3831.0,2025-07-09 12:07:46.613312
2025-07-09,47310,2025070903002065,MNBBL,Naasa Securities Co. Ltd.,Kohinoor Investment & Securities Pvt. Ltd.,200,383.2,76640.0,2025-07-09 12:09:51.559533
2025-07-09,47309,2025070903002066,MNBBL,Sanima Securities Limited,Kohinoor Investment & Securities Pvt. Ltd.,779,383.1,298434.9,2025-07-09 12:09:51.559873
2025-07-09,47308,2025070903002067,MNBBL,Sweta Securities Private Limited,Kohinoor Investment & Securities Pvt. Ltd.,21,383.0,8043.0,2025-07-09 12:09:51.560181
2025-07-09,46528,2025070903002174,MNBBL,Sweta Securities Private Limited,Imperial Securities Company Pvt. Ltd.,300,383.0,114900.0,2025-07-09 12:13:36.080103
2025-07-09,46413,2025070903002188,MNBBL,Sweta Securities Private Limited,Prabhu Stock Market Limited,679,383.0,260057.0,2025-07-09 12:14:11.274115
2025-07-09,45916,2025070903002289,MNBBL,Naasa Securities Co. Ltd.,Prabhu Stock Market Limited,321,383.0,122943.0,2025-07-09 12:16:51.025393
2025-07-09,45307,2025070903002374,MNBBL,J.F. Securites (PVT) Ltd.,Primo Securities (PVT) Ltd.,20,382.4,7648.0,2025-07-09 12:19:29.743301
2025-07-09,45174,2025070903002398,MNBBL,J.F. Securites (PVT) Ltd.,Naasa Securities Co. Ltd.,80,382.4,30592.0,2025-07-09 12:20:16.089093
2025-07-09,45173,2025070903002399,MNBBL,Naasa Securities Co. Ltd.,Naasa Securities Co. Ltd.,100,382.4,38240.0,2025-07-09 12:20:16.089413
2025-07-09,45172,2025070903002400,MNBBL,Naasa Securities Co. Ltd.,Naasa Securities Co. Ltd.,39,382.4,14913.6,2025-07-09 12:20:16.089628
2025-07-09,44942,2025070903002433,MNBBL,Sweta Securities Private Limited,Capital Hub P. Ltd,200,383.8,76760.0,2025-07-09 12:21:47.127791
2025-07-09,44941,2025070903002434,MNBBL,Sweta Securities Private Limited,Primo Securities (PVT) Ltd.,300,383.9,115170.0,2025-07-09 12:21:47.128154
2025-07-09,43931,2025070903002555,MNBBL,Naasa Securities Co. Ltd.,Cristal Kanchanjanga Securites Pvt. Ltd.,124,383.0,47492.0,2025-07-09 12:26:40.237957
2025-07-09,43647,2025070903002612,MNBBL,Dipshikha Dhitopatra Karobar Co. Pvt Ltd.,Siprabi Securities Pvt. Ltd.,175,383.0,67025.0,2025-07-09 12:28:23.177532
2025-07-09,43380,2025070903002652,MNBBL,Dipshikha Dhitopatra Karobar Co. Pvt Ltd.,Primo Securities (PVT) Ltd.,80,383.9,30712.0,2025-07-09 12:30:08.839256
2025-07-09,43379,2025070903002653,MNBBL,Dipshikha Dhitopatra Karobar Co. Pvt Ltd.,Aryatara Investment & Securities,15,384.0,5760.0,2025-07-09 12:30:08.839615
2025-07-09,42915,2025070903002716,MNBBL,Naasa Securities Co. Ltd.,Aryatara Investment & Securities,33,384.0,12672.0,2025-07-09 12:32:47.014732
2025-07-09,41828,2025070903002870,MNBBL,Naasa Securities Co. Ltd.,Imperial Securities Company Pvt. Ltd.,100,382.4,38240.0,2025-07-09 12:37:33.616792
2025-07-09,39929,2025070903003096,MNBBL,Naasa Securities Co. Ltd.,Naasa Securities Co. Ltd.,58,382.4,22179.2,2025-07-09 12:46:25.622733
2025-07-09,38579,2025070903003268,MNBBL,Sweta Securities Private Limited,Sundhara Securities Limited,11,383.0,4213.0,2025-07-09 12:53:48.269311
2025-07-09,38578,2025070903003269,MNBBL,Sweta Securities Private Limited,Trisul Securities & Invt. Ltd.,150,383.0,57450.0,2025-07-09 12:53:48.269753
2025-07-09,38534,2025070903003282,MNBBL,Sweta Securities Private Limited,Cristal Kanchanjanga Securites Pvt. Ltd.,67,383.0,25661.0,2025-07-09 12:53:59.240294
2025-07-09,38099,2025070903003336,MNBBL,Sweta Securities Private Limited,Agrawal Securities (PVT) Ltd.,191,383.0,73153.0,2025-07-09 12:56:13.063482
2025-07-09,38096,2025070903003337,MNBBL,Sweta Securities Private Limited,Malla & Malla Stock Broking Company Pvt. Limited,92,383.0,35236.0,2025-07-09 12:56:15.286713
2025-07-09,37606,2025070903003392,MNBBL,Sweta Securities Private Limited,Secured Securities Ltd.,100,383.0,38300.0,2025-07-09 12:58:25.471020
2025-07-09,37369,2025070903003417,MNBBL,Aryatara Investment & Securities,Online Securities Pvt. Ltd.,95,383.8,36461.0,2025-07-09 12:59:33.001960
2025-07-09,37368,2025070903003418,MNBBL,Aryatara Investment & Securities,Cristal Kanchanjanga Securites Pvt. Ltd.,200,383.9,76780.0,2025-07-09 12:59:33.002167
2025-07-09,37367,2025070903003419,MNBBL,Aryatara Investment & Securities,Aryatara Investment & Securities,112,384.0,43008.0,2025-07-09 12:59:33.002251
2025-07-09,37366,2025070903003420,MNBBL,Aryatara Investment & Securities,Online Securities Pvt. Ltd.,118,384.0,45312.0,2025-07-09 12:59:33.002327
2025-07-09,36129,2025070903003579,MNBBL,Sweta Securities Private Limited,Sewa Securities Pvt. Ltd.,20,383.0,7660.0,2025-07-09 13:05:41.312490
2025-07-09,35881,2025070903003628,MNBBL,Sweta Securities Private Limited,Naasa Securities Co. Ltd.,10,383.0,3830.0,2025-07-09 13:06:57.552413
2025-07-09,35258,2025070903003751,MNBBL,Sweta Securities Private Limited,Naasa Securities Co. Ltd.,300,383.0,114900.0,2025-07-09 13:10:41.760350
2025-07-09,34963,2025070903003791,MNBBL,Sweta Securities Private Limited,Machhapuchchhre Securities Limited,59,383.0,22597.0,2025-07-09 13:12:06.957639
2025-07-09,34962,2025070903003792,MNBBL,Imperial Securities Company Pvt. Ltd.,Machhapuchchhre Securities Limited,400,383.0,153200.0,2025-07-09 13:12:06.957868
2025-07-09,34725,2025070903003824,MNBBL,Naasa Securities Co. Ltd.,Machhapuchchhre Securities Limited,41,383.0,15703.0,2025-07-09 13:13:18.719157
2025-07-09,34724,2025070903003825,MNBBL,Naasa Securities Co. Ltd.,Dipshikha Dhitopatra Karobar Co. Pvt Ltd.,100,383.0,38300.0,2025-07-09 13:13:18.719615
2025-07-09,33859,2025070903003939,MNBBL,Premier Securities Company Ltd.,Sani Securities Company Ltd.,10,383.8,3838.0,2025-07-09 13:18:01.393344
2025-07-09,32891,2025070903004044,MNBBL,Naasa Securities Co. Ltd.,Sani Securities Company Ltd.,115,383.8,44137.0,2025-07-09 13:22:58.281444
2025-07-09,32890,2025070903004045,MNBBL,Naasa Securities Co. Ltd.,South Asian Bulls Pvt. Ltd.,14,383.8,5373.2,2025-07-09 13:22:58.281663
2025-07-09,32489,2025070903004097,MNBBL,Hatemalo Financial Services Private Limited,South Asian Bulls Pvt. Ltd.,72,383.8,27633.6,2025-07-09 13:24:34.582669
2025-07-09,32488,2025070903004098,MNBBL,Hatemalo Financial Services Private Limited,Dakshinkali Investment & Securities Pvt. Ltd.,178,383.9,68334.2,2025-07-09 13:24:34.583103
2025-07-09,31616,2025070903004202,MNBBL,Hatemalo Financial Services Private Limited,Dakshinkali Investment & Securities Pvt. Ltd.,122,383.9,46835.8,2025-07-09 13:28:15.619513
2025-07-09,31615,2025070903004203,MNBBL,Hatemalo Financial Services Private Limited,Online Securities Pvt. Ltd.,378,384.0,145152.0,2025-07-09 13:28:15.619761
2025-07-09,31528,2025070903004216,MNBBL,Siprabi Securities Pvt. Ltd.,Online Securities Pvt. Ltd.,504,384.0,193536.0,2025-07-09 13:28:36.374808
2025-07-09,31527,2025070903004217,MNBBL,Siprabi Securities Pvt. Ltd.,Sani Securities Company Ltd.,10,384.0,3840.0,2025-07-09 13:28:36.375034
2025-07-09,31526,2025070903004218,MNBBL,Siprabi Securities Pvt. Ltd.,Investment Management Nepal Pvt. Ltd.,486,384.0,186624.0,2025-07-09 13:28:36.375152
2025-07-09,30816,2025070903004347,MNBBL,Sweta Securities Private Limited,Investment Management Nepal Pvt. Ltd.,14,384.0,5376.0,2025-07-09 13:31:34.524676
2025-07-09,30815,2025070903004348,MNBBL,Sweta Securities Private Limited,Naasa Securities Co. Ltd.,30,384.0,11520.0,2025-07-09 13:31:34.524948
2025-07-09,30814,2025070903004349,MNBBL,Sweta Securities Private Limited,Cristal Kanchanjanga Securites Pvt. Ltd.,200,384.0,76800.0,2025-07-09 13:31:34.525051
2025-07-09,30636,2025070903004374,MNBBL,Sweta Securities Private Limited,Aryatara Investment & Securities,200,384.0,76800.0,2025-07-09 13:32:29.346483
2025-07-09,29579,2025070903004576,MNBBL,Sewa Securities Pvt. Ltd.,Cristal Kanchanjanga Securites Pvt. Ltd.,20,384.1,7682.0,2025-07-09 13:37:38.683572
2025-07-09,28668,2025070903004774,MNBBL,Online Securities Pvt. Ltd.,Premier Securities Company Ltd.,500,384.0,192000.0,2025-07-09 13:41:54.727381
2025-07-09,28431,2025070903004797,MNBBL,Secured Securities Ltd.,Premier Securities Company Ltd.,230,384.0,88320.0,2025-07-09 13:42:58.867616
2025-07-09,27642,2025070903004873,MNBBL,Dipshikha Dhitopatra Karobar Co. Pvt Ltd.,Imperial Securities Company Pvt. Ltd.,100,383.2,38320.0,2025-07-09 13:45:43.739388
2025-07-09,26257,2025070903005125,MNBBL,Deevyaa Securities & Stock House Pvt. Ltd,Premier Securities Company Ltd.,100,384.0,38400.0,2025-07-09 13:51:52.281010
2025-07-09,25932,2025070903005196,MNBBL,Dipshikha Dhitopatra Karobar Co. Pvt Ltd.,Online Securities Pvt. Ltd.,100,383.2,38320.0,2025-07-09 13:53:03.741890
2025-07-09,25931,2025070903005197,MNBBL,Nepal Investment And Securities Trading Private Limited,Online Securities Pvt. Ltd.,40,383.2,15328.0,2025-07-09 13:53:03.742162
2025-07-09,25930,2025070903005198,MNBBL,Vision Securities Pvt. Ltd,Online Securities Pvt. Ltd.,110,383.1,42141.0,2025-07-09 13:53:03.742266
2025-07-09,25929,2025070903005199,MNBBL,Sweta Securities Private Limited,Premier Securities Company Ltd.,170,384.0,65280.0,2025-07-09 13:53:04.839579
2025-07-09,25928,2025070903005200,MNBBL,Sweta Securities Private Limited,Thrive Brokerage House Pvt. Ltd,100,384.0,38400.0,2025-07-09 13:53:04.839826
2025-07-09,25765,2025070903005215,MNBBL,Sweta Securities Private Limited,Trisul Securities & Invt. Ltd.,60,384.0,23040.0,2025-07-09 13:53:36.957765
2025-07-09,25715,2025070903005222,MNBBL,Sweta Securities Private Limited,Vision Securities Pvt. Ltd,40,384.0,15360.0,2025-07-09 13:53:51.242719
2025-07-09,25171,2025070903005273,MNBBL,Sweta Securities Private Limited,Primo Securities (PVT) Ltd.,100,384.0,38400.0,2025-07-09 13:55:34.796903
2025-07-09,25148,2025070903005281,MNBBL,Sweta Securities Private Limited,Deevyaa Securities & Stock House Pvt. Ltd,100,384.0,38400.0,2025-07-09 13:55:37.680318
2025-07-09,25112,2025070903005282,MNBBL,Sweta Securities Private Limited,Sani Securities Company Ltd.,130,384.0,49920.0,2025-07-09 13:55:45.361604
2025-07-09,25049,2025070903005295,MNBBL,Sweta Securities Private Limited,Primo Securities (PVT) Ltd.,100,384.0,38400.0,2025-07-09 13:56:01.895087
2025-07-09,24820,2025070903005321,MNBBL,Sweta Securities Private Limited,Primo Securities (PVT) Ltd.,100,384.0,38400.0,2025-07-09 13:56:43.077168
2025-07-09,24632,2025070903005373,MNBBL,Sweta Securities Private Limited,Primo Securities (PVT) Ltd.,100,384.0,38400.0,2025-07-09 13:57:25.459345
2025-07-09,23347,2025070903005590,MNBBL,Vision Securities Pvt. Ltd,Blue Chip Securities Ltd,390,383.1,149409.0,2025-07-09 14:03:01.856649
2025-07-09,23346,2025070903005591,MNBBL,Hatemalo Financial Services Private Limited,Blue Chip Securities Ltd,1000,383.1,383100.0,2025-07-09 14:03:01.856901
2025-07-09,23345,2025070903005592,MNBBL,Sweta Securities Private Limited,Blue Chip Securities Ltd,1000,383.0,383000.0,2025-07-09 14:03:01.857033
2025-07-09,23344,2025070903005593,MNBBL,Midas Stock Broking Company Private Limited,Blue Chip Securities Ltd,200,383.0,76600.0,2025-07-09 14:03:01.857133
2025-07-09,23343,2025070903005594,MNBBL,Sani Securities Company Ltd.,Blue Chip Securities Ltd,100,383.0,38300.0,2025-07-09 14:03:01.857219
2025-07-09,23342,2025070903005595,MNBBL,Sweta Securities Private Limited,Blue Chip Securities Ltd,310,383.0,118730.0,2025-07-09 14:03:01.857307
2025-07-09,22292,2025070903005754,MNBBL,Sweta Securities Private Limited,Dipshikha Dhitopatra Karobar Co. Pvt Ltd.,80,383.0,30640.0,2025-07-09 14:06:47.483191
2025-07-09,22044,2025070903005781,MNBBL,Sweta Securities Private Limited,Imperial Securities Company Pvt. Ltd.,300,383.0,114900.0,2025-07-09 14:07:48.819967
2025-07-09,21801,2025070903005828,MNBBL,Sweta Securities Private Limited,Property Wiard Limited,310,383.0,118730.0,2025-07-09 14:08:48.826751
2025-07-09,21800,2025070903005829,MNBBL,Kumari Securities Private Limited,Property Wiard Limited,690,383.0,264270.0,2025-07-09 14:08:48.826976
2025-07-09,20833,2025070903006014,MNBBL,Kumari Securities Private Limited,Investment Management Nepal Pvt. Ltd.,310,383.0,118730.0,2025-07-09 14:12:58.514928
2025-07-09,20832,2025070903006015,MNBBL,Sweta Securities Private Limited,Investment Management Nepal Pvt. Ltd.,187,383.0,71621.0,2025-07-09 14:12:58.515223
2025-07-09,20434,2025070903006095,MNBBL,Sweta Securities Private Limited,Opal Securities Investment (PVT) Ltd.,100,383.0,38300.0,2025-07-09 14:14:31.899934
2025-07-09,20427,2025070903006097,MNBBL,Sweta Securities Private Limited,Vision Securities Pvt. Ltd,200,383.0,76600.0,2025-07-09 14:14:34.367995
2025-07-09,19878,2025070903006174,MNBBL,Sweta Securities Private Limited,Cristal Kanchanjanga Securites Pvt. Ltd.,180,383.0,68940.0,2025-07-09 14:16:40.252194
2025-07-09,19737,2025070903006197,MNBBL,Sweta Securities Private Limited,Sanima Securities Limited,333,383.0,127539.0,2025-07-09 14:17:20.577098
2025-07-09,19035,2025070903006353,MNBBL,Vision Securities Pvt. Ltd,Sanima Securities Limited,216,383.0,82728.0,2025-07-09 14:19:47.112145
2025-07-09,18815,2025070903006379,MNBBL,Kalika Securities Pvt. Ltd.,Online Securities Pvt. Ltd.,10,382.9,3829.0,2025-07-09 14:20:33.988539
2025-07-09,18814,2025070903006380,MNBBL,Kalika Securities Pvt. Ltd.,Sanima Securities Limited,190,383.0,72770.0,2025-07-09 14:20:33.989063
2025-07-09,18748,2025070903006394,MNBBL,Sagarmatha Securities Private Limited,Sanima Securities Limited,1000,383.0,383000.0,2025-07-09 14:20:56.097493
2025-07-09,18714,2025070903006397,MNBBL,Sagarmatha Securities Private Limited,Sanima Securities Limited,261,383.0,99963.0,2025-07-09 14:21:06.127466
2025-07-09,18713,2025070903006398,MNBBL,Sagarmatha Securities Private Limited,Imperial Securities Company Pvt. Ltd.,150,383.0,57450.0,2025-07-09 14:21:06.127905
2025-07-09,18712,2025070903006399,MNBBL,Sagarmatha Securities Private Limited,Thrive Brokerage House Pvt. Ltd,89,383.0,34087.0,2025-07-09 14:21:06.128206
2025-07-09,18185,2025070903006475,MNBBL,Dipshikha Dhitopatra Karobar Co. Pvt Ltd.,ABC Securities Private Limited,13,382.7,4975.1,2025-07-09 14:23:23.410101
2025-07-09,18065,2025070903006519,MNBBL,Dipshikha Dhitopatra Karobar Co. Pvt Ltd.,ABC Securities Private Limited,13,382.7,4975.1,2025-07-09 14:23:52.788160
2025-07-09,17861,2025070903006563,MNBBL,Dipshikha Dhitopatra Karobar Co. Pvt Ltd.,Investment Management Nepal Pvt. Ltd.,21,382.7,8036.7,2025-07-09 14:24:34.779314
2025-07-09,17860,2025070903006564,MNBBL,Blue Chip Securities Ltd,Investment Management Nepal Pvt. Ltd.,270,382.6,103302.0,2025-07-09 14:24:34.779531
2025-07-09,17676,2025070903006600,MNBBL,Naasa Securities Co. Ltd.,Market Securities & Exchange (PVT) Ltd.,500,382.8,191400.0,2025-07-09 14:25:21.434970
2025-07-09,16536,2025070903006758,MNBBL,Naasa Securities Co. Ltd.,Thrive Brokerage House Pvt. Ltd,10,383.0,3830.0,2025-07-09 14:29:41.767712
2025-07-09,16373,2025070903006817,MNBBL,Blue Chip Securities Ltd,Sanima Securities Limited,500,382.6,191300.0,2025-07-09 14:30:08.518354
2025-07-09,15200,2025070903006976,MNBBL,Hatemalo Financial Services Private Limited,Thrive Brokerage House Pvt. Ltd,150,382.9,57435.0,2025-07-09 14:33:43.807952
2025-07-09,15199,2025070903006977,MNBBL,Hatemalo Financial Services Private Limited,Bhrikuti Stock Broking Co. Pvt. Ltd.,350,383.0,134050.0,2025-07-09 14:33:43.808475
2025-07-09,14960,2025070903007013,MNBBL,Blue Chip Securities Ltd,Sanima Securities Limited,230,382.6,87998.0,2025-07-09 14:34:32.202421
2025-07-09,14959,2025070903007014,MNBBL,Sundhara Securities Limited,Sanima Securities Limited,10,382.6,3826.0,2025-07-09 14:34:32.202844
2025-07-09,14958,2025070903007015,MNBBL,Kumari Securities Private Limited,Sanima Securities Limited,260,382.5,99450.0,2025-07-09 14:34:32.203150
2025-07-09,14376,2025070903007111,MNBBL,ABC Securities Private Limited,Market Securities & Exchange (PVT) Ltd.,100,382.6,38260.0,2025-07-09 14:36:10.735709
2025-07-09,14173,2025070903007133,MNBBL,Sagarmatha Securities Private Limited,Bhrikuti Stock Broking Co. Pvt. Ltd.,200,383.0,76600.0,2025-07-09 14:37:01.979602
2025-07-09,14172,2025070903007134,MNBBL,Sagarmatha Securities Private Limited,Aryatara Investment & Securities,300,383.0,114900.0,2025-07-09 14:37:01.979882
2025-07-09,14111,2025070903007158,MNBBL,Sagarmatha Securities Private Limited,Aryatara Investment & Securities,1700,383.0,651100.0,2025-07-09 14:37:10.030203
2025-07-09,12922,2025070903007379,MNBBL,Dakshinkali Investment & Securities Pvt. Ltd.,ABC Securities Private Limited,10,383.0,3830.0,2025-07-09 14:40:30.678270
2025-07-09,12921,2025070903007380,MNBBL,J.F. Securites (PVT) Ltd.,ABC Securities Private Limited,40,383.0,15320.0,2025-07-09 14:40:30.678560
2025-07-09,12632,2025070903007409,MNBBL,ABC Securities Private Limited,SUN SECURITIES PVT LTD,30,382.6,11478.0,2025-07-09 14:41:09.423175
2025-07-09,12426,2025070903007445,MNBBL,South Asian Bulls Pvt. Ltd.,ABC Securities Private Limited,350,383.0,134050.0,2025-07-09 14:41:37.130389
2025-07-09,12425,2025070903007446,MNBBL,South Asian Bulls Pvt. Ltd.,Premier Securities Company Ltd.,38,383.4,14569.2,2025-07-09 14:41:37.130625
2025-07-09,12424,2025070903007447,MNBBL,South Asian Bulls Pvt. Ltd.,Kalika Securities Pvt. Ltd.,76,383.5,29146.0,2025-07-09 14:41:37.130720
2025-07-09,12423,2025070903007448,MNBBL,South Asian Bulls Pvt. Ltd.,South Asian Bulls Pvt. Ltd.,50,383.8,19190.0,2025-07-09 14:41:37.130814
2025-07-09,12422,2025070903007449,MNBBL,South Asian Bulls Pvt. Ltd.,Premier Securities Company Ltd.,486,383.8,186526.8,2025-07-09 14:41:37.130906
2025-07-09,12410,2025070903007455,MNBBL,ABC Securities Private Limited,Nabil Stock Dealer Ltd.,1000,382.6,382600.0,2025-07-09 14:41:39.135124
2025-07-09,12288,2025070903007468,MNBBL,South Asian Bulls Pvt. Ltd.,Premier Securities Company Ltd.,14,383.8,5373.2,2025-07-09 14:42:01.269491
2025-07-09,12287,2025070903007469,MNBBL,South Asian Bulls Pvt. Ltd.,Cristal Kanchanjanga Securites Pvt. Ltd.,200,383.9,76780.0,2025-07-09 14:42:01.269979
2025-07-09,12286,2025070903007470,MNBBL,South Asian Bulls Pvt. Ltd.,Cristal Kanchanjanga Securites Pvt. Ltd.,50,384.0,19200.0,2025-07-09 14:42:01.270340
2025-07-09,12285,2025070903007471,MNBBL,South Asian Bulls Pvt. Ltd.,Nagarik Stock Dealer ,275,384.0,105600.0,2025-07-09 14:42:01.270614
2025-07-09,12284,2025070903007472,MNBBL,South Asian Bulls Pvt. Ltd.,Bhrikuti Stock Broking Co. Pvt. Ltd.,500,384.0,192000.0,2025-07-09 14:42:01.270931
2025-07-09,12283,2025070903007473,MNBBL,South Asian Bulls Pvt. Ltd.,Naasa Securities Co. Ltd.,500,384.0,192000.0,2025-07-09 14:42:01.271198
2025-07-09,12282,2025070903007474,MNBBL,South Asian Bulls Pvt. Ltd.,Kalika Securities Pvt. Ltd.,1000,384.0,384000.0,2025-07-09 14:42:01.271480
2025-07-09,11626,2025070903007577,MNBBL,Deevyaa Securities & Stock House Pvt. Ltd,South Asian Bulls Pvt. Ltd.,100,384.7,38470.0,2025-07-09 14:43:29.041993
2025-07-09,11625,2025070903007578,MNBBL,Deevyaa Securities & Stock House Pvt. Ltd,Primo Securities (PVT) Ltd.,50,384.9,19245.0,2025-07-09 14:43:29.042491
2025-07-09,11624,2025070903007579,MNBBL,Deevyaa Securities & Stock House Pvt. Ltd,Online Securities Pvt. Ltd.,10,384.9,3849.0,2025-07-09 14:43:29.042773
2025-07-09,11363,2025070903007630,MNBBL,South Asian Bulls Pvt. Ltd.,Imperial Securities Company Pvt. Ltd.,461,384.0,177024.0,2025-07-09 14:44:03.847989
2025-07-09,11214,2025070903007646,MNBBL,Sweta Securities Private Limited,Imperial Securities Company Pvt. Ltd.,1000,383.0,383000.0,2025-07-09 14:44:28.150419
2025-07-09,10982,2025070903007688,MNBBL,ABC Securities Private Limited,Agrawal Securities (PVT) Ltd.,10,382.6,3826.0,2025-07-09 14:45:00.196881
2025-07-09,8408,2025070903008111,MNBBL,ABC Securities Private Limited,Imperial Securities Company Pvt. Ltd.,38,382.6,14538.8,2025-07-09 14:50:00.654485
2025-07-09,7975,2025070903008209,MNBBL,Capital Max Securities Ltd,Capital Hub P. Ltd,20,383.9,7678.0,2025-07-09 14:50:52.382370
2025-07-09,7752,2025070903008255,MNBBL,Imperial Securities Company Pvt. Ltd.,Capital Hub P. Ltd,25,383.9,9597.5,2025-07-09 14:51:14.630370
2025-07-09,7751,2025070903008256,MNBBL,Imperial Securities Company Pvt. Ltd.,Cristal Kanchanjanga Securites Pvt. Ltd.,50,383.9,19195.0,2025-07-09 14:51:14.630647
2025-07-09,6063,2025070903008555,MNBBL,Sweta Securities Private Limited,Trisul Securities & Invt. Ltd.,1000,383.0,383000.0,2025-07-09 14:54:08.824491
2025-07-09,5831,2025070903008596,MNBBL,Imperial Securities Company Pvt. Ltd.,Cristal Kanchanjanga Securites Pvt. Ltd.,42,383.9,16123.8,2025-07-09 14:54:31.880067
2025-07-09,4562,2025070903008797,MNBBL,Naasa Securities Co. Ltd.,Capital Hub P. Ltd,40,383.9,15356.0,2025-07-09 14:56:02.747079
2025-07-09,4470,2025070903008822,MNBBL,Imperial Securities Company Pvt. Ltd.,Capital Hub P. Ltd,56,383.9,21498.4,2025-07-09 14:56:10.976143
2025-07-09,3553,2025070903009007,MNBBL,Oxford Securities Pvt. Ltd.,Naasa Securities Co. Ltd.,50,383.0,19150.0,2025-07-09 14:57:20.703647
2025-07-09,2620,2025070903009168,MNBBL,ABC Securities Private Limited,Siprabi Securities Pvt. Ltd.,50,383.1,19155.0,2025-07-09 14:58:20.429716
2025-07-09,2109,2025070903009251,MNBBL,Agrawal Securities (PVT) Ltd.,Imperial Securities Company Pvt. Ltd.,50,383.6,19180.0,2025-07-09 14:58:48.888167
2025-07-09,1367,2025070903009404,MNBBL,South Asian Bulls Pvt. Ltd.,Imperial Securities Company Pvt. Ltd.,403,383.6,154590.8,2025-07-09 14:59:23.337768
2025-07-09,1366,2025070903009405,MNBBL,South Asian Bulls Pvt. Ltd.,Cristal Kanchanjanga Securites Pvt. Ltd.,100,383.9,38390.0,2025-07-09 14:59:23.337995
2025-07-09,1365,2025070903009406,MNBBL,South Asian Bulls Pvt. Ltd.,Capital Hub P. Ltd,100,383.9,38390.0,2025-07-09 14:59:23.338106
2025-07-09,1364,2025070903009407,MNBBL,South Asian Bulls Pvt. Ltd.,Cristal Kanchanjanga Securites Pvt. Ltd.,100,383.9,38390.0,2025-07-09 14:59:23.338206
2025-07-09,1363,2025070903009408,MNBBL,South Asian Bulls Pvt. Ltd.,Online Securities Pvt. Ltd.,97,384.0,37248.0,2025-07-09 14:59:23.338306
2025-07-09,551,2025070903009540,MNBBL,South Asian Bulls Pvt. Ltd.,Sweta Securities Private Limited,40,383.8,15352.0,2025-07-09 14:59:46.528503
